frontend/src/animations/rig.tsx
  h_b13c5d77534129 12,19,33,36-43
frontend/src/svgs/left-arm.svg
  h_b13c5d77534129 7-11,27-29,39-40,49,53,59,63,67,71,75,79,83,87,91,95,99,103,107,111,115,119,123,127,131,135,139,143,147,151,155,159,163,167,171,175,179,183,187,191,195,199,203,207,211,215,219,223,227,231,233,235,237,239,241,243,245,247,249,251
frontend/src/svgs/right-arm.svg
  h_b13c5d77534129 7-11,27-29,39-40,49,52-55,59,63,67,71,75,79,83,87,91,95,99,103,107,111,115,119,123,127,131,135,139,143,147,151,155,159,163,167,171,175,179,183,187,191,195,199,203,207,211,215,219,223,227,231,233,235,237,239,241,243,245,247,249,251
---
{
  "schema_version": "authorship/3.0.0",
  "git_ai_version": "1.6.22",
  "base_commit_sha": "715a42c9f0a5665f17de499dff09cb50d40027b6",
  "prompts": {},
  "humans": {
    "h_b13c5d77534129": {
      "author": "morganthegirlboss <u24910882@tuks.co.za>"
    }
  }
}